590,1
591,1
592,1
593,1.00059618727557489449
594,1.00084423377721344256
595,1.00109224102638167261
596,1.00134346923293775399
597,1.00159566809254969203
598,1.00175801690326568241
599,1.00186386966186329171
600,1.00269003996233240532
601,1.00311246048117452633
602,1.00351670549564191671
603,1.00389656074527211569
604,1.00419611759345677702
605,1.00452855013430526019
606,1.00491275384309255827
607,1.00531191928318866606
608,1.00573208002025158845
609,1.0058810642314076754
610,1.00607193183798936229
611,1.0063291158640480392
612,1.00670968146772603273
613,1.00703061986150787759
614,1.00746191999677737209
615,1.00786794812377389621
616,1.00814173215623983336
617,1.00845513766943026123
618,1.00880456603948375114